-3.919608275095621819e-01,-2.652047638098398719e-01,-5.228562879562377752e+00,-2.417635222276051741e-03,6.443705265410244222e-03,2.419394742697477188e-02
-1.641916487614313858e-01,-5.289286510149637799e-01,-4.579809045791625621e+00,3.405000409111380664e-03,1.269882746351261998e-02,2.417871069783965668e-02
-3.709778549273808901e-01,-4.523429095745086781e-01,-4.456573878924052323e+00,1.641530115157365834e-03,8.474108731995026386e-03,2.410019082948565428e-02
-5.178542844454447902e-01,-4.833638723691304762e-01,-4.428188803990681599e+00,2.235127237314979247e-03,3.472764397350450432e-03,2.419438038021326162e-02
-5.199645771582921405e-01,-1.960263403256734260e-01,-4.683964033126830628e+00,-5.377089790999889547e-03,3.469038545154035005e-03,2.409982737774650149e-02
-2.861322152614593772e-01,-1.844377338886261097e-01,-4.955096772511800474e+00,-4.960327204316854720e-03,9.928195079167683595e-03,2.406581409896413337e-02
-8.339762940009435299e-01,-3.993902933597564542e-01,-4.821954083442688166e+00,6.376478588208556609e-04,-4.897537385113536965e-03,2.424980108936627618e-02
-8.500144217411677028e-01,-5.276688990990320294e-01,-4.819618492126465092e+00,4.131823453741768730e-03,-5.573207091850538621e-03,2.427839107190569307e-02
-6.456795905033747562e-01,-2.355661427974700961e-01,-5.111536628405253246e+00,-3.312906151016553440e-03,-5.157934455201029734e-04,2.407978368923067991e-02
-6.993922770023346391e-01,-4.234831039110819595e-01,-5.207403955459594336e+00,1.780170214672883392e-03,-2.196269320944944925e-03,2.418768161286910523e-02
-2.071333261330922382e-01,-3.542665553092956277e-01,-4.672642823855082561e+00,1.728342908124129071e-04,1.388012826753159436e-02,2.408706981067856162e-02
-5.524903573592503392e-01,-2.464017021656036421e-01,-4.602420533498127853e+00,-4.076844050238529957e-03,2.747019875484208416e-03,2.408637394507726071e-02
-9.916569133599599517e-02,-4.176070113976796394e-01,-4.870819268226623144e+00,1.244547773773471439e-03,1.495424221269786406e-02,2.407297372197111582e-02
-7.337914788722992299e-01,-2.661134119828542088e-01,-4.835245833396911941e+00,-3.214266300201416154e-03,-2.691966720546285462e-03,2.418459682414928966e-02
-6.414050535360972249e-01,-2.330464371045430638e-01,-5.063496432304382289e+00,-3.760254057124256914e-03,-6.912861779953043085e-04,2.421909337863326073e-02
-3.201366122563680250e-01,-2.605416063467661525e-01,-5.204562919934590859e+00,-2.497803463290135251e-03,8.327798079699277531e-03,2.410164397209882750e-02
-5.112740832567215232e-01,-1.808021998405456576e-01,-5.064078273773193750e+00,-5.087725327660640347e-03,2.628576795880993144e-03,2.413447044168909317e-02
-9.213342885176341313e-02,-4.928614044189453258e-01,-5.035997072855631806e+00,3.527693155532081720e-03,1.458511137403547750e-02,2.410764742021759277e-02
-7.200775436560312714e-01,-3.271013840039571074e-01,-5.129783705075581679e+00,-7.846472660700480172e-04,-2.490763934329152246e-03,2.421543299530943064e-02
-5.240773582458495561e-01,-4.335786334673563669e-01,-5.323617332776387379e+00,2.449075492719809174e-03,2.328046420589089446e-03,2.416983110209306243e-02
-6.606053380171458267e-01,-3.930997057755787893e-01,-5.228986589113871375e+00,1.089223924403389396e-03,-1.363914438212911195e-03,2.421827076623837144e-02
-2.283103613058725945e-01,-2.278535111745198516e-01,-5.026369282404581362e+00,-3.623693262537320322e-03,1.095210582949221120e-02,2.411152375241120555e-02
-3.608934269348780255e-01,-3.884574898084004468e-01,-4.486588363647460831e+00,-3.569954602668682720e-04,7.948116902261971595e-03,2.413665798182288921e-02
-6.534873612721761038e-01,-2.615661533673604433e-01,-5.144811464945475699e+00,-2.309121939664085608e-03,-5.972154097010691932e-04,2.421311478440960410e-02
-5.019197034835815030e-01,-2.782259209950764811e-01,-4.551068948109944223e+00,-3.284416341533263548e-03,4.464002860089143036e-03,2.416392110288143047e-02
-4.394037775198618712e-01,-1.904773028691609804e-01,-4.668571286201476767e+00,-5.215890556573867659e-03,6.370706688612699266e-03,2.412709501882394011e-02
-1.681325050195058290e-01,-3.065786727269490530e-01,-5.065901077588399026e+00,-1.962256450206041180e-03,1.196316529065370553e-02,2.404641084993879019e-02
-7.102568376064301026e-01,-2.439204716682434049e-01,-4.947589988708496200e+00,-3.612997774034738385e-03,-2.078115022741258266e-03,2.417619474232196933e-02
-3.052230970064799265e-01,-2.643497443199157582e-01,-5.192825832366943395e+00,-2.422648388892412099e-03,8.821438581993181968e-03,2.409138059864441433e-02
-9.301566104094187437e-02,-4.282406576474507842e-01,-4.850836728413900012e+00,1.459347729881604536e-03,1.494277594611048698e-02,2.411559397354721967e-02
-3.899642133712768466e-01,-2.249336640040079660e-01,-4.635936395327250104e+00,-4.638594603165984397e-03,7.307530031539499760e-03,2.411979136988520733e-02
-7.581601971387863514e-01,-4.238972471157709809e-01,-4.595432238578796458e+00,7.617509163295229507e-04,-2.596266131537656053e-03,2.426555655275781931e-02
-1.401069988807042421e-01,-4.776361850897470895e-01,-5.146440156300863045e+00,3.321752846240997280e-03,1.322846459845701886e-02,2.414274755244453716e-02
-2.555660708745320364e-01,-3.588544631004333407e-01,-4.568999217351277231e+00,-9.909172914922238177e-04,1.093879530206322628e-02,2.417413730174303166e-02
-8.224015577634176122e-01,-4.967991578578949130e-01,-4.677869796752929688e+00,3.229830507189035502e-03,-4.484181404113769635e-03,2.428579362730185279e-02
-8.108626131216685184e-01,-3.564671758810679103e-01,-4.817198189099629602e+00,-3.156734909862280044e-04,-4.536683526821434255e-03,2.420043459782997633e-02
-3.898888663450876813e-01,-4.004319238662719660e-01,-5.315567008654276115e+00,1.326577020809054357e-03,5.501109218845764981e-03,2.423813013980785983e-02
-8.343688422441482011e-01,-4.004612600803375000e-01,-4.868197124799092279e+00,8.513672401507695053e-04,-5.078723557914296624e-03,2.426293097436428223e-02
-6.006015549103419504e-01,-3.059585543473561375e-01,-5.241344389915465918e+00,-8.431563402215639909e-04,7.056259394933780396e-04,2.427074390773971760e-02
-3.825632468859354596e-01,-2.222060477733611983e-01,-5.163029424349466545e+00,-3.610719038794438229e-03,5.895929063359896596e-03,2.416684991369644903e-02
-6.781653726100921320e-01,-3.868904829025268666e-01,-5.211702071825663474e+00,9.914935287088156354e-04,-1.721897989821930810e-03,2.424630384892225224e-02
-1.296154592434565211e-01,-4.832393610477447310e-01,-4.791449720064798967e+00,3.714003007238109860e-03,1.551625484290222387e-02,2.413070733969410395e-02
-4.859325530131657911e-01,-4.714295689264933475e-01,-4.433286557197570588e+00,1.803979712227980195e-03,4.535059609139959098e-03,2.417766161262989086e-02
-2.559211234251658196e-01,-2.571497690677642667e-01,-5.120842188199361544e+00,-2.551236546908815673e-03,1.076564178181191322e-02,2.416428420692682405e-02
-8.445478349924087080e-01,-4.504024020830790231e-01,-4.828932243982951178e+00,2.200898767138520853e-03,-5.367854557310541494e-03,2.425558809811870220e-02
-2.241948163509368819e-01,-5.105107597510020190e-01,-4.553518815040588308e+00,3.223193368564049571e-03,1.228139899671077707e-02,2.422869309782981970e-02
-1.558879482746124145e-01,-4.970660205682118638e-01,-4.626775218645732046e+00,2.936046657462914721e-03,1.359403765760362065e-02,2.416814126074313951e-02
-7.839596267541250052e-01,-4.705188536643982178e-01,-4.613221190770467217e+00,2.323146294802427153e-03,-3.466436672024428983e-03,2.429006736104687147e-02
-8.013462384541829575e-01,-5.372848876317342093e-01,-4.624958693186441927e+00,4.101618835702538872e-03,-3.883979390375316351e-03,2.429737355560064246e-02
-3.540816436211268181e-01,-2.492357273896535219e-01,-4.603565332094828655e+00,-3.374716956168413370e-03,9.100123215466738094e-03,2.418100042889515661e-02
