rcm_l

    [[0.45108569]
    [0.26102381]
    [0.16898061]
    [1.        ]]
    


rcm_r


    [[0.67721158]
    [0.25670649]
    [0.17017894]
    [1.        ]]



left_tip_0

    [[0.50975898]
    [0.30078158]
    [0.05010113]
    [1.        ]]


right_tip_0

    [[0.61339974]
    [0.31193065]
    [0.05948734]
    [1.        ]]

T_0_rcm
    transl
    [[0.55964715]
    [0.17523912]
    [0.21301739]
    [1.        ]]




T_desire_r
 [[ 0.958529  0.       -0.284994 -0.004167]
 [-0.228132  0.599361 -0.767282 -0.01122 ]
 [ 0.170814  0.800479  0.574505  0.008401]
 [ 0.        0.        0.        1.      ]]

[[ 0.965526  0.       -0.260306 -0.005252]
 [-0.181852  0.715501 -0.674528 -0.013609]
 [ 0.186249  0.698611  0.690835  0.013938]
 [ 0.        0.        0.        1.      ]]
